//
segsites: 11
positions: 0 1 2 3 4 5 6 7 8 9 10
11000000000
00000000000
11000000000
01000000000
11100000000
01000000000
11100000000
01100000000
11110000000
01100000000
11110000000
01110000000
11111000000
01110000000
11111000000
01111000000
11111100000
01111000000
11111100000
01111100000
11111110000
01111100000
11111110000
01111110000
11111111000
01111110000
11111111000
01111111000
11111111100
01111111000
11111111100
01111111100
11111111110
01111111100
11111111110
01111111110
11111111111
01111111110
11111111111
01111111111
00000000000
00000000000
00000000000
00000000000
00000000000
00000000000
00000000000
00000000000
00000000000
00000000000
00000000000
00000000000
00000000000
00000000000
00000000000
00000000000
00000000000
00000000000
00000000000
00000000000
00000000000
00000000000
00000000000
00000000000
00000000000
00000000000
00000000000
00000000000
00000000000
00000000000
00000000000
00000000000
00000000000
00000000000
00000000000
00000000000
00000000000
00000000000
00000000000
00000000000
