#
# turner_minimal_snps.txt
#
# locus_Y, 10 QTLs
# 10 females: carrying 2, 4, ..., 20 additive alleles
# 10 males: 5 carrying 1, 5 carrying 2 alleles
#

segsites: 11
01000000000
01000000000
01100000000
01100000000
01110000000
01110000000
01111000000
01111000000
01111100000
01111100000
01111110000
01111110000
01111111000
01111111000
01111111100
01111111100
01111111110
01111111110
01111111111
01111111111
01000000000
10000000000
01000000000
10000000000
01000000000
10000000000
01000000000
10000000000
01000000000
10000000000
01000000000
11000000000
01000000000
11000000000
01000000000
11000000000
01000000000
11000000000
01000000000
11000000000
